Epsilon-greedy:
Alpha: [1]

ans =

   44.7805   55.2195

Alpha: [0.9^i]

ans =

   18.9512   81.0488

Alpha: [1/(2^i)]

ans =

   68.5610   31.4390

Alpha: [1/i]

ans =

   13.4146   86.5854

Alpha: [.3]

ans =

   11.9512   88.0488

Alpha: [5/(5+i)]

ans =

   10.7073   89.2927


==================
Softmax:
Alpha: [1]

ans =

     0   100

Alpha: [0.9^i]

ans =

    0.7561   99.2439

Alpha: [1/(2^i)]

ans =

   61.4390   38.5610

Alpha: [1/i]

ans =

    0.4878   99.5122

Alpha: [.3]

ans =

    0.3171   99.6829

Alpha: [5/(5+i)]

ans =

    0.8537   99.1463

